   20.00   20.00   20.00   20.00   20.00   20.00   20.00   20.00   20.00   20.00   20.00   20.00   20.00   20.00   20.00   20.00   20.00   20.00   20.00   20.00   20.00   20.00   20.00   20.00   20.00   20.00   20.00   20.00   20.00   20.00   20.00   20.00   20.00   20.00   20.00   20.00   20.00   20.00   20.00   20.00   20.00   20.00   20.00   20.00   20.00   20.00   20.00   20.00   20.00   20.00   20.00   20.00   20.00   20.00   20.00   20.00   20.00   20.00   20.00   20.00   20.00   20.00   20.00   20.00   20.00
   23.11   23.11   23.10   23.09   23.08   23.06   23.05   23.02   23.00   22.97   22.94   22.90   22.87   22.83   22.79   22.74   22.70   22.65   22.60   22.55   22.50   22.44   22.39   22.33   22.28   22.22   22.16   22.10   22.04   21.98   21.92   21.86   21.80   21.74   21.68   21.62   21.56   21.50   21.44   21.38   21.33   21.27   21.21   21.15   21.09   21.04   20.98   20.92   20.87   20.81   20.76   20.70   20.65   20.59   20.54   20.48   20.43   20.37   20.32   20.27   20.21   20.16   20.11   20.05   20.00
   26.22   26.22   26.20   26.19   26.16   26.13   26.09   26.05   26.00   25.94   25.88   25.81   25.74   25.66   25.58   25.49   25.40   25.30   25.20   25.10   24.99   24.89   24.78   24.66   24.55   24.44   24.32   24.20   24.08   23.96   23.84   23.72   23.60   23.48   23.36   23.24   23.12   23.01   22.89   22.77   22.65   22.53   22.42   22.30   22.19   22.07   21.96   21.85   21.73   21.62   21.51   21.40   21.29   21.18   21.07   20.96   20.85   20.75   20.64   20.53   20.43   20.32   20.21   20.11   20.00
   29.34   29.33   29.32   29.29   29.25   29.21   29.15   29.08   29.01   28.92   28.83   28.72   28.61   28.49   28.37   28.24   28.10   27.96   27.81   27.65   27.49   27.33   27.17   27.00   26.83   26.65   26.48   26.30   26.12   25.95   25.77   25.59   25.41   25.23   25.05   24.87   24.69   24.51   24.33   24.15   23.98   23.80   23.63   23.45   23.28   23.11   22.94   22.77   22.60   22.43   22.26   22.10   21.93   21.77   21.61   21.44   21.28   21.12   20.96   20.80   20.64   20.48   20.32   20.16   20.00
   32.47   32.46   32.44   32.40   32.35   32.29   32.21   32.12   32.02   31.91   31.78   31.64   31.50   31.34   31.17   30.99   30.81   30.62   30.42   30.21   30.00   29.78   29.56   29.34   29.11   28.88   28.64   28.41   28.17   27.93   27.69   27.45   27.21   26.97   26.73   26.49   26.25   26.01   25.77   25.54   25.30   25.07   24.83   24.60   24.37   24.14   23.91   23.69   23.46   23.24   23.02   22.80   22.58   22.36   22.14   21.92   21.71   21.49   21.28   21.06   20.85   20.64   20.43   20.21   20.00
   35.61   35.60   35.57   35.53   35.47   35.39   35.29   35.18   35.05   34.91   34.75   34.57   34.39   34.19   33.98   33.76   33.52   33.28   33.03   32.77   32.51   32.24   31.96   31.68   31.39   31.10   30.81   30.51   30.21   29.91   29.61   29.31   29.01   28.71   28.41   28.11   27.81   27.51   27.21   26.92   26.62   26.33   26.04   25.75   25.46   25.18   24.89   24.61   24.33   24.05   23.77   23.49   23.22   22.95   22.67   22.40   22.13   21.86   21.60   21.33   21.06   20.80   20.53   20.27   20.00
   38.77   38.76   38.73   38.67   38.60   38.50   38.39   38.25   38.09   37.92   37.73   37.52   37.29   37.05   36.80   36.53   36.25   35.96   35.66   35.34   35.02   34.70   34.36   34.02   33.68   33.33   32.97   32.62   32.26   31.90   31.54   31.17   30.81   30.45   30.09   29.73   29.37   29.01   28.65   28.30   27.94   27.59   27.24   26.90   26.55   26.21   25.87   25.53   25.19   24.85   24.52   24.19   23.86   23.53   23.21   22.88   22.56   22.24   21.91   21.59   21.27   20.96   20.64   20.32   20.00
   41.95   41.94   41.90   41.84   41.75   41.64   41.50   41.34   41.16   40.95   40.72   40.48   40.21   39.93   39.63   39.32   38.99   38.64   38.29   37.92   37.55   37.16   36.77   36.37   35.97   35.56   35.14   34.73   34.31   33.88   33.46   33.04   32.61   32.19   31.77   31.35   30.93   30.51   30.09   29.68   29.26   28.85   28.44   28.04   27.64   27.24   26.84   26.44   26.05   25.66   25.27   24.88   24.50   24.12   23.74   23.36   22.98   22.61   22.23   21.86   21.49   21.11   20.74   20.37   20.00
   45.16   45.15   45.10   45.03   44.93   44.80   44.64   44.45   44.24   44.00   43.74   43.46   43.15   42.83   42.48   42.12   41.74   41.34   40.93   40.51   40.08   39.64   39.19   38.73   38.26   37.79   37.32   36.84   36.36   35.87   35.39   34.90   34.42   33.93   33.45   32.96   32.48   32.00   31.53   31.05   30.58   30.11   29.64   29.18   28.72   28.26   27.81   27.36   26.91   26.46   26.02   25.58   25.14   24.70   24.27   23.83   23.40   22.97   22.55   22.12   21.70   21.27   20.85   20.42   20.00
   48.40   48.38   48.33   48.25   48.13   47.98   47.80   47.59   47.35   47.08   46.78   46.46   46.11   45.74   45.35   44.93   44.50   44.05   43.59   43.11   42.62   42.12   41.61   41.09   40.56   40.03   39.49   38.95   38.41   37.86   37.31   36.76   36.22   35.67   35.12   34.58   34.04   33.50   32.96   32.42   31.89   31.37   30.84   30.32   29.80   29.29   28.77   28.27   27.76   27.26   26.76   26.27   25.77   25.28   24.79   24.31   23.82   23.34   22.86   22.38   21.90   21.43   20.95   20.48   20.00
   51.67   51.65   51.60   51.50   51.37   51.20   51.00   50.76   50.49   50.18   49.85   49.48   49.09   48.68   48.23   47.77   47.29   46.78   46.26   45.73   45.18   44.61   44.04   43.46   42.87   42.27   41.67   41.07   40.46   39.85   39.24   38.63   38.02   37.41   36.80   36.19   35.59   34.99   34.39   33.80   33.20   32.62   32.03   31.45   30.88   30.31   29.74   29.17   28.61   28.06   27.50   26.95   26.41   25.86   25.32   24.78   24.24   23.71   23.18   22.64   22.11   21.58   21.06   20.53   20.00
   54.98   54.96   54.90   54.79   54.64   54.46   54.23   53.96   53.66   53.32   52.94   52.54   52.10   51.64   51.14   50.63   50.09   49.53   48.95   48.35   47.74   47.12   46.48   45.84   45.18   44.52   43.86   43.19   42.52   41.84   41.17   40.49   39.82   39.14   38.47   37.80   37.14   36.48   35.82   35.16   34.51   33.87   33.22   32.59   31.95   31.32   30.70   30.08   29.46   28.85   28.24   27.64   27.04   26.44   25.84   25.25   24.66   24.07   23.49   22.90   22.32   21.74   21.16   20.58   20.00
   58.33   58.31   58.24   58.12   57.96   57.75   57.50   57.20   56.86   56.49   56.07   55.62   55.14   54.62   54.08   53.51   52.91   52.29   51.65   50.99   50.32   49.63   48.93   48.22   47.50   46.78   46.05   45.31   44.57   43.83   43.09   42.35   41.61   40.88   40.14   39.41   38.68   37.96   37.24   36.52   35.81   35.11   34.41   33.71   33.02   32.34   31.65   30.98   30.31   29.64   28.98   28.32   27.66   27.01   26.36   25.72   25.07   24.43   23.80   23.16   22.53   21.89   21.26   20.63   20.00
   61.73   61.71   61.63   61.50   61.32   61.09   60.81   60.48   60.11   59.69   59.24   58.74   58.21   57.64   57.04   56.41   55.75   55.07   54.37   53.65   52.91   52.16   51.39   50.62   49.83   49.04   48.24   47.44   46.63   45.83   45.02   44.21   43.41   42.61   41.81   41.02   40.23   39.44   38.66   37.88   37.11   36.35   35.59   34.83   34.09   33.34   32.61   31.87   31.15   30.42   29.71   28.99   28.28   27.58   26.88   26.18   25.49   24.79   24.10   23.42   22.73   22.05   21.36   20.68   20.00
   65.18   65.15   65.07   64.93   64.73   64.47   64.17   63.81   63.40   62.94   62.44   61.89   61.31   60.69   60.03   59.34   58.62   57.88   57.11   56.32   55.52   54.70   53.86   53.02   52.16   51.30   50.44   49.56   48.69   47.82   46.95   46.07   45.20   44.34   43.47   42.62   41.76   40.91   40.07   39.24   38.41   37.58   36.76   35.95   35.14   34.34   33.55   32.76   31.98   31.20   30.43   29.67   28.90   28.15   27.39   26.64   25.90   25.15   24.41   23.67   22.94   22.20   21.47   20.73   20.00
   68.69   68.66   68.57   68.41   68.19   67.91   67.58   67.18   66.73   66.23   65.69   65.09   64.45   63.77   63.05   62.30   61.52   60.71   59.87   59.02   58.14   57.25   56.35   55.43   54.50   53.57   52.64   51.70   50.75   49.81   48.87   47.93   46.99   46.06   45.13   44.21   43.30   42.38   41.48   40.58   39.69   38.81   37.93   37.06   36.20   35.34   34.49   33.65   32.81   31.98   31.15   30.33   29.52   28.71   27.90   27.10   26.30   25.51   24.71   23.93   23.14   22.35   21.57   20.78   20.00
   72.26   72.23   72.13   71.96   71.72   71.41   71.04   70.61   70.12   69.58   68.98   68.33   67.63   66.89   66.11   65.29   64.44   63.56   62.66   61.73   60.78   59.82   58.84   57.85   56.85   55.85   54.84   53.83   52.81   51.80   50.79   49.79   48.78   47.78   46.79   45.80   44.82   43.85   42.88   41.92   40.97   40.03   39.09   38.16   37.24   36.33   35.42   34.53   33.63   32.75   31.87   31.00   30.13   29.27   28.41   27.55   26.70   25.86   25.02   24.18   23.34   22.50   21.67   20.83   20.00
   75.91   75.87   75.76   75.57   75.31   74.97   74.57   74.10   73.57   72.97   72.32   71.61   70.85   70.05   69.20   68.31   67.39   66.44   65.46   64.46   63.44   62.40   61.34   60.28   59.21   58.13   57.05   55.96   54.88   53.79   52.71   51.64   50.56   49.50   48.44   47.39   46.34   45.30   44.27   43.25   42.24   41.24   40.25   39.26   38.28   37.31   36.35   35.40   34.45   33.51   32.58   31.65   30.73   29.82   28.91   28.00   27.10   26.21   25.31   24.42   23.54   22.65   21.77   20.88   20.00
   79.62   79.58   79.46   79.25   78.97   78.61   78.17   77.66   77.08   76.43   75.72   74.95   74.13   73.25   72.33   71.37   70.38   69.35   68.29   67.21   66.11   64.99   63.86   62.72   61.57   60.41   59.25   58.09   56.94   55.78   54.63   53.48   52.34   51.21   50.08   48.96   47.85   46.75   45.66   44.58   43.51   42.44   41.39   40.35   39.31   38.29   37.27   36.26   35.26   34.27   33.28   32.30   31.33   30.37   29.41   28.45   27.50   26.55   25.61   24.67   23.73   22.80   21.86   20.93   20.00
   83.42   83.38   83.24   83.02   82.71   82.32   81.84   81.28   80.65   79.95   79.17   78.34   77.45   76.50   75.51   74.47   73.39   72.28   71.14   69.98   68.80   67.60   66.39   65.16   63.93   62.70   61.46   60.23   58.99   57.76   56.54   55.32   54.11   52.91   51.71   50.53   49.35   48.19   47.04   45.89   44.76   43.64   42.53   41.42   40.33   39.25   38.18   37.12   36.06   35.02   33.98   32.95   31.92   30.91   29.90   28.89   27.89   26.89   25.90   24.91   23.93   22.94   21.96   20.98   20.00
   87.31   87.26   87.11   86.87   86.54   86.11   85.59   84.98   84.29   83.53   82.69   81.79   80.82   79.80   78.72   77.60   76.44   75.25   74.02   72.77   71.50   70.22   68.92   67.61   66.30   64.99   63.67   62.36   61.05   59.74   58.44   57.15   55.87   54.60   53.34   52.08   50.85   49.62   48.40   47.20   46.00   44.82   43.65   42.49   41.34   40.21   39.08   37.96   36.86   35.76   34.67   33.59   32.51   31.44   30.38   29.33   28.28   27.23   26.19   25.15   24.12   23.09   22.06   21.03   20.00
   91.30   91.24   91.08   90.82   90.45   89.99   89.42   88.76   88.02   87.19   86.28   85.30   84.25   83.14   81.98   80.77   79.52   78.24   76.92   75.59   74.23   72.85   71.47   70.07   68.68   67.28   65.88   64.48   63.09   61.71   60.34   58.97   57.62   56.28   54.95   53.63   52.33   51.03   49.75   48.49   47.23   45.99   44.77   43.55   42.35   41.15   39.97   38.80   37.64   36.49   35.35   34.22   33.09   31.97   30.86   29.76   28.66   27.57   26.48   25.39   24.31   23.23   22.15   21.08   20.00
   95.39   95.33   95.16   94.87   94.47   93.96   93.35   92.63   91.82   90.92   89.94   88.87   87.74   86.54   85.29   83.99   82.64   81.26   79.85   78.42   76.96   75.50   74.02   72.54   71.05   69.56   68.08   66.61   65.14   63.68   62.23   60.79   59.36   57.95   56.55   55.16   53.79   52.44   51.09   49.77   48.45   47.15   45.87   44.60   43.34   42.09   40.85   39.63   38.42   37.21   36.02   34.84   33.66   32.50   31.34   30.18   29.04   27.90   26.76   25.63   24.50   23.37   22.25   21.12   20.00
   99.60   99.53   99.34   99.03   98.60   98.05   97.38   96.60   95.72   94.74   93.67   92.52   91.29   90.00   88.65   87.25   85.80   84.32   82.80   81.27   79.72   78.15   76.58   75.00   73.42   71.85   70.28   68.72   67.17   65.63   64.10   62.59   61.09   59.60   58.14   56.68   55.25   53.83   52.42   51.03   49.66   48.30   46.96   45.63   44.31   43.01   41.72   40.45   39.18   37.93   36.68   35.45   34.23   33.01   31.80   30.60   29.41   28.22   27.04   25.86   24.68   23.51   22.34   21.17   20.00
  103.93  103.86  103.66  103.32  102.84  102.24  101.52  100.67   99.72   98.65   97.49   96.24   94.92   93.52   92.06   90.55   88.99   87.40   85.78   84.14   82.48   80.81   79.14   77.47   75.79   74.13   72.47   70.82   69.19   67.57   65.96   64.37   62.80   61.24   59.71   58.19   56.68   55.20   53.73   52.28   50.85   49.43   48.03   46.65   45.28   43.92   42.58   41.25   39.93   38.63   37.34   36.06   34.78   33.52   32.26   31.02   29.77   28.54   27.31   26.08   24.86   23.64   22.43   21.21   20.00
  108.40  108.33  108.10  107.73  107.22  106.57  105.78  104.86  103.82  102.66  101.40  100.05   98.61   97.09   95.52   93.89   92.22   90.51   88.77   87.02   85.25   83.48   81.70   79.93   78.16   76.40   74.65   72.92   71.20   69.49   67.81   66.14   64.49   62.87   61.26   59.67   58.10   56.55   55.02   53.51   52.02   50.55   49.09   47.65   46.22   44.82   43.42   42.04   40.68   39.32   37.98   36.65   35.33   34.02   32.72   31.42   30.14   28.85   27.58   26.31   25.04   23.78   22.52   21.26   20.00
  113.02  112.94  112.70  112.29  111.74  111.02  110.16  109.16  108.03  106.77  105.40  103.93  102.37  100.73   99.03   97.28   95.48   93.65   91.79   89.92   88.03   86.15   84.26   82.39   80.52   78.66   76.82   74.99   73.19   71.40   69.64   67.89   66.17   64.47   62.79   61.14   59.50   57.89   56.30   54.73   53.18   51.64   50.13   48.64   47.16   45.70   44.25   42.82   41.41   40.00   38.61   37.23   35.87   34.51   33.16   31.82   30.49   29.16   27.84   26.53   25.22   23.91   22.61   21.30   20.00
  117.80  117.71  117.45  117.01  116.40  115.63  114.69  113.60  112.37  111.00  109.51  107.91  106.21  104.44  102.60  100.71   98.77   96.81   94.82   92.82   90.82   88.82   86.82   84.83   82.86   80.90   78.97   77.05   75.16   73.29   71.44   69.62   67.82   66.05   64.30   62.58   60.88   59.20   57.55   55.92   54.31   52.72   51.15   49.61   48.08   46.56   45.07   43.59   42.12   40.67   39.23   37.81   36.39   34.99   33.60   32.21   30.84   29.47   28.10   26.74   25.39   24.04   22.69   21.35   20.00
  122.76  122.66  122.38  121.90  121.24  120.40  119.38  118.19  116.84  115.34  113.72  111.98  110.13  108.21  106.22  104.18  102.10   99.99   97.87   95.74   93.60   91.48   89.36   87.27   85.19   83.13   81.10   79.09   77.10   75.15   73.22   71.32   69.45   67.61   65.79   64.00   62.23   60.50   58.78   57.09   55.43   53.78   52.16   50.56   48.97   47.41   45.87   44.34   42.82   41.33   39.84   38.37   36.91   35.46   34.02   32.60   31.18   29.76   28.36   26.96   25.56   24.17   22.78   21.39   20.00
  127.90  127.80  127.49  126.98  126.26  125.34  124.23  122.93  121.46  119.82  118.04  116.14  114.14  112.05  109.89  107.69  105.45  103.19  100.92   98.65   96.38   94.13   91.89   89.68   87.49   85.33   83.20   81.10   79.02   76.98   74.98   73.00   71.05   69.13   67.25   65.39   63.56   61.76   59.99   58.24   56.52   54.82   53.14   51.49   49.86   48.24   46.65   45.07   43.51   41.97   40.44   38.92   37.42   35.92   34.44   32.97   31.51   30.05   28.60   27.16   25.72   24.29   22.86   21.43   20.00
  133.26  133.14  132.81  132.26  131.48  130.48  129.27  127.85  126.23  124.44  122.49  120.42  118.23  115.95  113.62  111.23  108.82  106.40  103.97  101.55   99.15   96.76   94.40   92.07   89.77   87.50   85.27   83.08   80.91   78.79   76.70   74.64   72.62   70.63   68.68   66.76   64.86   63.00   61.17   59.37   57.59   55.83   54.11   52.40   50.72   49.05   47.41   45.79   44.18   42.59   41.02   39.46   37.91   36.38   34.85   33.34   31.83   30.34   28.85   27.36   25.88   24.41   22.94   21.47   20.00
  138.83  138.71  138.35  137.76  136.92  135.84  134.51  132.96  131.19  129.22  127.08  124.80  122.40  119.92  117.38  114.81  112.21  109.61  107.02  104.44  101.89   99.37   96.88   94.43   92.02   89.64   87.31   85.02   82.77   80.56   78.38   76.25   74.16   72.10   70.08   68.09   66.14   64.21   62.32   60.46   58.63   56.82   55.04   53.29   51.56   49.85   48.16   46.49   44.84   43.20   41.58   39.98   38.39   36.81   35.25   33.70   32.15   30.61   29.08   27.56   26.04   24.53   23.02   21.51   20.00
  144.64  144.52  144.14  143.50  142.60  141.43  139.99  138.29  136.34  134.17  131.80  129.29  126.66  123.95  121.19  118.40  115.60  112.82  110.05  107.31  104.61  101.94   99.32   96.75   94.22   91.74   89.31   86.92   84.58   82.28   80.03   77.82   75.66   73.53   71.44   69.39   67.38   65.40   63.45   61.53   59.65   57.79   55.96   54.15   52.37   50.62   48.88   47.17   45.47   43.80   42.14   40.49   38.86   37.24   35.64   34.04   32.46   30.88   29.31   27.75   26.20   24.64   23.09   21.55   20.00
  150.71  150.58  150.18  149.51  148.55  147.29  145.73  143.87  141.71  139.30  136.68  133.90  131.00  128.03  125.02  122.00  118.99  116.00  113.05  110.14  107.28  104.48  101.72   99.02   96.38   93.79   91.26   88.78   86.35   83.97   81.64   79.35   77.12   74.92   72.77   70.66   68.58   66.54   64.54   62.57   60.63   58.73   56.85   55.00   53.17   51.37   49.59   47.83   46.09   44.37   42.67   40.99   39.32   37.66   36.01   34.38   32.76   31.14   29.54   27.94   26.34   24.75   23.17   21.58   20.00
  157.04  156.90  156.49  155.80  154.80  153.46  151.78  149.73  147.34  144.65  141.72  138.62  135.41  132.14  128.86  125.59  122.35  119.15  116.01  112.92  109.91  106.95  104.06  101.24   98.48   95.79   93.16   90.58   88.07   85.60   83.20   80.84   78.53   76.27   74.05   71.88   69.75   67.66   65.60   63.58   61.59   59.63   57.71   55.81   53.94   52.09   50.27   48.47   46.69   44.93   43.19   41.47   39.76   38.06   36.38   34.71   33.05   31.40   29.76   28.12   26.49   24.86   23.24   21.62   20.00
  163.63  163.50  163.09  162.40  161.37  159.99  158.19  155.95  153.28  150.24  146.93  143.45  139.88  136.28  132.69  129.15  125.66  122.24  118.90  115.64  112.46  109.36  106.34  103.40  100.53   97.73   94.99   92.33   89.73   87.19   84.70   82.28   79.90   77.57   75.30   73.07   70.88   68.73   66.62   64.55   62.52   60.51   58.54   56.60   54.68   52.80   50.93   49.09   47.27   45.48   43.70   41.93   40.19   38.45   36.74   35.03   33.33   31.64   29.97   28.29   26.63   24.97   23.31   21.65   20.00
  170.50  170.37  169.99  169.32  168.32  166.92  165.03  162.59  159.58  156.10  152.31  148.37  144.38  140.40  136.48  132.64  128.90  125.26  121.72  118.28  114.94  111.70  108.54  105.48  102.49   99.59   96.77   94.01   91.33   88.71   86.15   83.66   81.22   78.83   76.50   74.21   71.97   69.77   67.61   65.49   63.41   61.36   59.34   57.36   55.40   53.48   51.57   49.69   47.84   46.00   44.18   42.38   40.60   38.83   37.08   35.34   33.60   31.88   30.17   28.46   26.76   25.07   23.38   21.69   20.00
  177.61  177.50  177.17  176.57  175.66  174.33  172.44  169.81  166.34  162.26  157.86  153.35  148.86  144.46  140.19  136.05  132.05  128.18  124.44  120.82  117.32  113.94  110.66  107.47  104.38  101.38   98.47   95.63   92.87   90.17   87.55   84.99   82.48   80.04   77.65   75.30   73.01   70.76   68.56   66.39   64.27   62.17   60.12   58.09   56.10   54.13   52.19   50.27   48.38   46.50   44.65   42.82   41.00   39.20   37.41   35.63   33.87   32.11   30.37   28.63   26.89   25.17   23.44   21.72   20.00
  184.94  184.86  184.60  184.15  183.43  182.31  180.58  177.87  173.71  168.74  163.51  158.30  153.25  148.41  143.76  139.32  135.05  130.96  127.03  123.25  119.60  116.07  112.67  109.38  106.18  103.09  100.09   97.17   94.33   91.57   88.88   86.25   83.69   81.19   78.74   76.35   74.01   71.72   69.47   67.26   65.09   62.96   60.86   58.79   56.76   54.76   52.78   50.82   48.90   46.99   45.10   43.23   41.38   39.55   37.72   35.92   34.12   32.33   30.55   28.78   27.02   25.26   23.50   21.75   20.00
  192.42  192.38  192.24  191.99  191.58  190.90  189.71  187.37  181.90  175.49  169.12  163.10  157.45  152.14  147.14  142.40  137.89  133.59  129.48  125.53  121.74  118.09  114.57  111.17  107.89  104.71  101.62   98.63   95.72   92.89   90.14   87.46   84.84   82.29   79.79   77.35   74.96   72.62   70.33   68.08   65.87   63.70   61.57   59.46   57.39   55.35   53.34   51.36   49.39   47.45   45.53   43.63   41.75   39.88   38.03   36.19   34.36   32.54   30.74   28.93   27.14   25.35   23.57   21.78   20.00
  200.00  200.00  200.00  200.00  200.00  200.00  200.00  200.00  191.02  182.18  174.41  167.52  161.30  155.57  150.25  145.25  140.52  136.03  131.76  127.67  123.75  119.98  116.36  112.86  109.49  106.22  103.07  100.00   97.03   94.14   91.33   88.59   85.93   83.32   80.78   78.30   75.87   73.49   71.15   68.86   66.62   64.41   62.24   60.10   58.00   55.93   53.88   51.86   49.87   47.90   45.95   44.01   42.10   40.20   38.32   36.45   34.59   32.75   30.91   29.08   27.26   25.44   23.62   21.81   20.00
    0.00    0.00    0.00    0.00    0.00    0.00    0.00    0.00  200.00  187.81  178.80  171.28  164.64  158.61  153.03  147.82  142.91  138.26  133.85  129.63  125.60  121.73  118.01  114.43  110.98  107.64  104.41  101.29   98.25   95.31   92.45   89.66   86.95   84.30   81.72   79.19   76.72   74.30   71.93   69.61   67.33   65.08   62.88   60.71   58.58   56.47   54.39   52.35   50.32   48.32   46.34   44.38   42.44   40.51   38.60   36.70   34.82   32.94   31.08   29.22   27.37   25.52   23.68   21.84   20.00
    0.00    0.00    0.00    0.00    0.00    0.00    0.00    0.00  200.00  190.26  181.71  174.17  167.39  161.19  155.45  150.09  145.04  140.27  135.73  131.41  127.28  123.32  119.52  115.87  112.35  108.95  105.66  102.48   99.39   96.40   93.49   90.66   87.90   85.21   82.59   80.03   77.52   75.07   72.66   70.31   67.99   65.72   63.48   61.29   59.12   56.99   54.88   52.80   50.75   48.72   46.71   44.72   42.75   40.80   38.86   36.94   35.03   33.13   31.23   29.35   27.47   25.60   23.73   21.86   20.00
    0.00    0.00    0.00    0.00    0.00    0.00    0.00    0.00  200.00  191.54  183.60  176.28  169.55  163.31  157.50  152.04  146.90  142.03  137.41  133.00  128.79  124.76  120.89  117.18  113.59  110.14  106.80  103.57  100.44   97.40   94.45   91.58   88.79   86.06   83.41   80.81   78.27   75.78   73.35   70.96   68.62   66.32   64.05   61.83   59.63   57.47   55.34   53.24   51.16   49.10   47.07   45.05   43.06   41.08   39.11   37.17   35.23   33.30   31.38   29.47   27.57   25.67   23.78   21.89   20.00
    0.00    0.00    0.00    0.00    0.00    0.00    0.00    0.00  200.00  192.29  184.86  177.82  171.21  165.01  159.18  153.68  148.48  143.55  138.86  134.40  130.13  126.04  122.12  118.35  114.72  111.22  107.83  104.56  101.39   98.32   95.33   92.43   89.60   86.85   84.16   81.53   78.96   76.45   73.99   71.57   69.20   66.88   64.59   62.33   60.12   57.93   55.77   53.64   51.54   49.46   47.40   45.36   43.34   41.34   39.35   37.38   35.42   33.47   31.53   29.59   27.67   25.74   23.83   21.91   20.00
    0.00    0.00    0.00    0.00    0.00    0.00    0.00    0.00  200.00  192.78  185.72  178.94  172.47  166.34  160.53  155.02  149.80  144.83  140.10  135.59  131.28  127.15  123.19  119.38  115.71  112.17  108.76  105.45  102.25   99.15   96.13   93.20   90.35   87.56   84.85   82.20   79.60   77.07   74.58   72.14   69.75   67.39   65.08   62.81   60.56   58.36   56.18   54.02   51.90   49.79   47.71   45.65   43.61   41.59   39.58   37.58   35.60   33.62   31.66   29.70   27.76   25.81   23.87   21.94   20.00
    0.00    0.00    0.00    0.00    0.00    0.00    0.00    0.00  200.00  193.10  186.32  179.73  173.40  167.34  161.57  156.08  150.85  145.87  141.12  136.59  132.25  128.09  124.10  120.27  116.57  113.01  109.57  106.24  103.02   99.89   96.85   93.89   91.02   88.21   85.48   82.80   80.19   77.63   75.12   72.66   70.25   67.87   65.54   63.25   60.98   58.75   56.55   54.38   52.23   50.11   48.01   45.93   43.86   41.82   39.79   37.77   35.76   33.77   31.79   29.81   27.84   25.88   23.91   21.96   20.00
    0.00    0.00    0.00    0.00    0.00    0.00    0.00    0.00  200.00  193.31  186.71  180.27  174.05  168.07  162.34  156.87  151.66  146.68  141.93  137.39  133.04  128.87  124.86  121.01  117.30  113.72  110.27  106.92  103.68  100.54   97.48   94.51   91.62   88.80   86.04   83.35   80.72   78.14   75.62   73.14   70.71   68.32   65.96   63.65   61.37   59.12   56.90   54.71   52.54   50.40   48.28   46.18   44.10   42.03   39.98   37.95   35.92   33.91   31.90   29.91   27.92   25.93   23.95   21.98   20.00
    0.00    0.00    0.00    0.00    0.00    0.00    0.00    0.00  200.00  193.43  186.94  180.60  174.45  168.53  162.85  157.42  152.23  147.27  142.53  137.99  133.64  129.48  125.47  121.62  117.90  114.32  110.85  107.50  104.25  101.10   98.03   95.05   92.14   89.31   86.54   83.84   81.19   78.60   76.06   73.57   71.12   68.72   66.35   64.02   61.72   59.46   57.22   55.01   52.83   50.67   48.53   46.41   44.32   42.23   40.16   38.11   36.07   34.04   32.01   30.00   27.99   25.99   23.99   21.99   20.00
    0.00    0.00    0.00    0.00    0.00    0.00    0.00    0.00  200.00  193.47  187.03  180.73  174.63  168.75  163.12  157.72  152.56  147.63  142.92  138.40  134.08  129.92  125.93  122.08  118.37  114.79  111.33  107.98  104.72  101.57   98.50   95.51   92.60   89.76   86.98   84.27   81.61   79.01   76.46   73.96   71.50   69.08   66.70   64.36   62.05   59.77   57.52   55.29   53.09   50.92   48.77   46.63   44.52   42.42   40.33   38.26   36.20   34.16   32.12   30.09   28.06   26.04   24.03   22.01   20.00
    0.00    0.00    0.00    0.00    0.00    0.00    0.00    0.00  200.00  193.43  186.96  180.66  174.58  168.73  163.14  157.79  152.68  147.79  143.11  138.63  134.33  130.21  126.23  122.41  118.72  115.15  111.70  108.35  105.10  101.95   98.88   95.90   92.98   90.14   87.36   84.64   81.98   79.37   76.81   74.30   71.83   69.40   67.01   64.66   62.34   60.05   57.78   55.55   53.33   51.15   48.98   46.83   44.70   42.59   40.49   38.40   36.33   34.27   32.21   30.16   28.12   26.09   24.06   22.03   20.00
    0.00    0.00    0.00    0.00    0.00    0.00    0.00    0.00  200.00  193.30  186.73  180.38  174.29  168.47  162.91  157.62  152.56  147.73  143.11  138.68  134.42  130.33  126.40  122.60  118.93  115.39  111.96  108.63  105.39  102.25   99.19   96.21   93.30   90.45   87.68   84.96   82.29   79.68   77.12   74.60   72.13   69.69   67.29   64.93   62.60   60.30   58.02   55.78   53.55   51.35   49.17   47.01   44.87   42.74   40.63   38.53   36.44   34.37   32.30   30.24   28.18   26.13   24.09   22.04   20.00
    0.00    0.00    0.00    0.00    0.00    0.00    0.00    0.00  200.00  193.04  186.28  179.84  173.72  167.93  162.43  157.21  152.22  147.46  142.91  138.54  134.35  130.31  126.42  122.66  119.03  115.52  112.11  108.80  105.59  102.46   99.42   96.44   93.54   90.71   87.93   85.22   82.56   79.94   77.38   74.86   72.38   69.94   67.54   65.17   62.83   60.52   58.24   55.98   53.75   51.54   49.35   47.18   45.02   42.88   40.76   38.65   36.55   34.46   32.38   30.30   28.23   26.17   24.11   22.06   20.00
    0.00    0.00    0.00    0.00    0.00    0.00    0.00    0.00  200.00  192.56  185.52  178.96  172.84  167.10  161.68  156.55  151.66  146.99  142.53  138.24  134.11  130.14  126.31  122.60  119.02  115.54  112.17  108.89  105.70  102.59   99.57   96.61   93.72   90.90   88.13   85.42   82.77   80.16   77.60   75.08   72.60   70.15   67.75   65.37   63.03   60.71   58.42   56.16   53.92   51.70   49.50   47.32   45.16   43.01   40.88   38.75   36.64   34.54   32.45   30.36   28.28   26.21   24.14   22.07   20.00
    0.00    0.00    0.00    0.00    0.00    0.00    0.00    0.00  200.00  191.70  184.29  177.65  171.58  165.94  160.65  155.64  150.88  146.33  141.96  137.77  133.73  129.83  126.07  122.42  118.89  115.46  112.13  108.88  105.73  102.65   99.65   96.71   93.84   91.03   88.28   85.58   82.93   80.33   77.77   75.25   72.77   70.33   67.92   65.55   63.20   60.88   58.59   56.32   54.07   51.85   49.64   47.45   45.28   43.12   40.98   38.85   36.73   34.62   32.51   30.42   28.33   26.24   24.16   22.08   20.00
    0.00    0.00    0.00    0.00    0.00    0.00    0.00    0.00  200.00  189.93  182.29  175.76  169.88  164.44  159.33  154.50  149.88  145.47  141.23  137.14  133.20  129.39  125.70  122.13  118.65  115.28  112.00  108.80  105.68  102.63   99.66   96.75   93.90   91.11   88.37   85.68   83.04   80.45   77.90   75.39   72.91   70.47   68.07   65.69   63.34   61.02   58.73   56.46   54.20   51.97   49.76   47.57   45.39   43.22   41.07   38.93   36.80   34.68   32.57   30.46   28.36   26.27   24.18   22.09   20.00
  200.00  200.00  200.00  200.00  200.00  200.00  200.00  200.00  192.97  185.73  179.18  173.23  167.74  162.61  157.75  153.12  148.69  144.44  140.34  136.37  132.54  128.83  125.23  121.73  118.32  115.01  111.78  108.63  105.55  102.54   99.60   96.72   93.90   91.13   88.41   85.74   83.12   80.53   77.99   75.49   73.02   70.59   68.18   65.81   63.46   61.14   58.84   56.57   54.32   52.08   49.86   47.67   45.48   43.31   41.15   39.00   36.87   34.74   32.62   30.51   28.40   26.30   24.20   22.10   20.00
  194.78  194.75  194.63  194.42  194.06  193.49  192.51  190.59  186.16  180.84  175.45  170.24  165.26  160.50  155.93  151.55  147.33  143.25  139.30  135.48  131.77  128.16  124.65  121.23  117.91  114.66  111.49  108.39  105.36  102.39   99.48   96.64   93.84   91.10   88.40   85.75   83.14   80.58   78.05   75.55   73.09   70.67   68.27   65.90   63.55   61.23   58.94   56.66   54.41   52.17   49.95   47.75   45.56   43.38   41.22   39.07   36.92   34.79   32.66   30.54   28.43   26.32   24.21   22.10   20.00
  189.64  189.57  189.36  188.97  188.35  187.40  185.95  183.68  180.22  176.04  171.55  167.02  162.55  158.18  153.94  149.82  145.82  141.93  138.15  134.47  130.88  127.39  123.98  120.65  117.40  114.23  111.12  108.08  105.10  102.18   99.31   96.50   93.73   91.02   88.35   85.72   83.13   80.58   78.07   75.58   73.13   70.72   68.32   65.96   63.62   61.30   59.01   56.74   54.48   52.24   50.02   47.82   45.62   43.45   41.28   39.12   36.97   34.83   32.70   30.58   28.45   26.34   24.22   22.11   20.00
  184.64  184.55  184.26  183.75  182.96  181.82  180.20  177.97  175.02  171.52  167.70  163.74  159.73  155.75  151.83  147.97  144.20  140.50  136.89  133.36  129.91  126.53  123.23  120.00  116.83  113.73  110.69  107.71  104.78  101.91   99.08   96.31   93.58   90.90   88.25   85.65   83.08   80.55   78.05   75.58   73.15   70.74   68.35   66.00   63.66   61.35   59.06   56.79   54.54   52.30   50.08   47.87   45.68   43.50   41.33   39.16   37.01   34.87   32.73   30.60   28.48   26.35   24.23   22.12   20.00
  179.83  179.72  179.38  178.80  177.93  176.71  175.08  172.97  170.36  167.33  164.00  160.49  156.89  153.26  149.64  146.04  142.49  139.00  135.56  132.18  128.86  125.61  122.41  119.27  116.19  113.17  110.20  107.28  104.41  101.58   98.81   96.07   93.38   90.73   88.12   85.54   83.00   80.48   78.00   75.55   73.13   70.73   68.36   66.01   63.69   61.38   59.09   56.83   54.57   52.34   50.12   47.91   45.72   43.54   41.36   39.20   37.05   34.90   32.76   30.62   28.49   26.37   24.24   22.12   20.00
  175.23  175.11  174.75  174.14  173.24  172.02  170.44  168.47  166.12  163.43  160.48  157.34  154.09  150.77  147.42  144.07  140.74  137.43  134.16  130.93  127.75  124.62  121.53  118.49  115.50  112.55  109.65  106.80  103.99  101.22   98.49   95.80   93.15   90.53   87.95   85.40   82.88   80.39   77.93   75.49   73.09   70.70   68.34   66.00   63.69   61.39   59.11   56.84   54.60   52.36   50.15   47.94   45.75   43.56   41.39   39.23   37.07   34.92   32.78   30.64   28.51   26.38   24.25   22.12   20.00
  170.87  170.75  170.38  169.76  168.87  167.68  166.18  164.36  162.22  159.80  157.14  154.31  151.35  148.30  145.20  142.08  138.95  135.83  132.72  129.64  126.60  123.58  120.60  117.66  114.76  111.89  109.07  106.28  103.53  100.81   98.13   95.49   92.87   90.29   87.74   85.22   82.73   80.26   77.82   75.41   73.02   70.65   68.30   65.98   63.67   61.38   59.10   56.85   54.60   52.38   50.16   47.96   45.76   43.58   41.41   39.25   37.09   34.94   32.79   30.65   28.52   26.39   24.26   22.13   20.00
  166.75  166.63  166.27  165.66  164.80  163.66  162.25  160.56  158.60  156.40  153.99  151.41  148.69  145.89  143.01  140.09  137.15  134.21  131.26  128.32  125.41  122.51  119.64  116.79  113.98  111.20  108.44  105.72  103.03  100.37   97.74   95.14   92.57   90.02   87.51   85.02   82.55   80.11   77.70   75.30   72.93   70.58   68.24   65.93   63.63   61.35   59.09   56.84   54.60   52.37   50.16   47.96   45.77   43.59   41.42   39.26   37.10   34.95   32.80   30.66   28.52   26.39   24.26   22.13   20.00
  162.86  162.75  162.40  161.82  160.99  159.92  158.60  157.03  155.23  153.21  151.00  148.63  146.13  143.54  140.86  138.13  135.37  132.58  129.79  126.99  124.19  121.41  118.65  115.90  113.17  110.47  107.79  105.13  102.50   99.90   97.32   94.76   92.24   89.73   87.25   84.79   82.35   79.94   77.55   75.17   72.82   70.48   68.16   65.86   63.58   61.31   59.05   56.81   54.58   52.36   50.15   47.96   45.77   43.59   41.42   39.26   37.10   34.95   32.81   30.67   28.53   26.39   24.26   22.13   20.00
  159.21  159.10  158.77  158.21  157.43  156.42  155.19  153.73  152.07  150.21  148.17  145.99  143.68  141.26  138.77  136.21  133.61  130.97  128.31  125.64  122.97  120.30  117.63  114.98  112.34  109.71  107.11  104.52  101.95   99.40   96.87   94.36   91.88   89.41   86.97   84.54   82.13   79.75   77.38   75.02   72.69   70.37   68.07   65.78   63.51   61.25   59.00   56.77   54.55   52.34   50.14   47.94   45.76   43.59   41.42   39.26   37.10   34.95   32.81   30.67   28.53   26.40   24.26   22.13   20.00
  155.78  155.68  155.36  154.84  154.10  153.15  152.00  150.65  149.10  147.38  145.50  143.47  141.32  139.07  136.74  134.33  131.88  129.38  126.85  124.31  121.75  119.18  116.61  114.05  111.49  108.94  106.41  103.88  101.38   98.88   96.41   93.94   91.50   89.07   86.66   84.27   81.89   79.53   77.19   74.86   72.55   70.25   67.96   65.69   63.43   61.18   58.95   56.72   54.51   52.30   50.11   47.92   45.74   43.57   41.41   39.25   37.10   34.95   32.81   30.67   28.53   26.39   24.26   22.13   20.00
  152.56  152.46  152.17  151.67  150.98  150.09  149.01  147.75  146.31  144.71  142.96  141.07  139.07  136.96  134.77  132.51  130.18  127.82  125.41  122.98  120.53  118.06  115.59  113.11  110.64  108.16  105.70  103.24  100.79   98.35   95.92   93.51   91.11   88.72   86.34   83.98   81.64   79.30   76.98   74.68   72.39   70.10   67.84   65.58   63.33   61.10   58.87   56.66   54.46   52.26   50.07   47.89   45.72   43.55   41.39   39.24   37.09   34.94   32.80   30.66   28.52   26.39   24.26   22.13   20.00
  149.54  149.45  149.17  148.70  148.05  147.22  146.21  145.03  143.69  142.20  140.56  138.80  136.92  134.94  132.88  130.74  128.54  126.29  124.00  121.67  119.32  116.95  114.57  112.17  109.78  107.38  104.98  102.58  100.19   97.80   95.43   93.06   90.70   88.35   86.01   83.68   81.37   79.06   76.77   74.49   72.21   69.95   67.70   65.46   63.23   61.01   58.79   56.59   54.39   52.21   50.03   47.85   45.68   43.52   41.37   39.22   37.07   34.93   32.79   30.65   28.52   26.39   24.26   22.13   20.00
  146.71  146.62  146.35  145.92  145.31  144.53  143.58  142.48  141.22  139.82  138.29  136.63  134.87  133.01  131.06  129.03  126.95  124.80  122.62  120.39  118.14  115.86  113.56  111.24  108.92  106.59  104.25  101.92   99.58   97.25   94.92   92.60   90.28   87.97   85.67   83.37   81.09   78.81   76.54   74.28   72.03   69.79   67.56   65.33   63.11   60.91   58.71   56.51   54.33   52.15   49.97   47.81   45.65   43.49   41.34   39.19   37.05   34.91   32.78   30.64   28.51   26.38   24.25   22.13   20.00
  144.05  143.96  143.72  143.30  142.73  142.00  141.11  140.07  138.89  137.58  136.14  134.58  132.92  131.16  129.31  127.39  125.41  123.37  121.27  119.14  116.97  114.78  112.56  110.32  108.07  105.80  103.53  101.25   98.97   96.69   94.41   92.13   89.85   87.58   85.31   83.05   80.80   78.55   76.30   74.07   71.84   69.62   67.40   65.19   62.99   60.80   58.61   56.43   54.25   52.08   49.92   47.76   45.60   43.45   41.31   39.17   37.03   34.89   32.76   30.63   28.50   26.37   24.25   22.12   20.00
  141.55  141.47  141.24  140.85  140.31  139.62  138.79  137.81  136.70  135.46  134.10  132.63  131.06  129.40  127.65  125.82  123.93  121.98  119.97  117.93  115.84  113.72  111.58  109.41  107.23  105.03  102.81  100.59   98.37   96.13   93.90   91.66   89.42   87.19   84.96   82.73   80.50   78.28   76.06   73.85   71.64   69.44   67.24   65.05   62.86   60.68   58.51   56.34   54.17   52.01   49.85   47.70   45.55   43.41   41.27   39.13   37.00   34.87   32.74   30.61   28.49   26.37   24.24   22.12   20.00
  139.21  139.14  138.92  138.55  138.04  137.39  136.60  135.68  134.64  133.47  132.18  130.79  129.30  127.72  126.05  124.31  122.50  120.64  118.72  116.75  114.74  112.70  110.62  108.52  106.40  104.26  102.11   99.94   97.76   95.58   93.39   91.19   88.99   86.80   84.60   82.40   80.20   78.01   75.81   73.62   71.44   69.25   67.07   64.90   62.73   60.56   58.40   56.24   54.08   51.93   49.79   47.64   45.50   43.37   41.23   39.10   36.97   34.85   32.72   30.60   28.48   26.36   24.24   22.12   20.00
  137.02  136.95  136.75  136.40  135.92  135.30  134.56  133.68  132.69  131.58  130.36  129.04  127.63  126.12  124.53  122.87  121.14  119.35  117.51  115.61  113.67  111.70  109.69  107.66  105.59  103.51  101.41   99.30   97.17   95.03   92.88   90.72   88.57   86.40   84.24   82.07   79.90   77.73   75.56   73.39   71.23   69.07   66.90   64.75   62.59   60.44   58.29   56.14   54.00   51.85   49.72   47.58   45.45   43.32   41.19   39.06   36.94   34.82   32.70   30.58   28.46   26.35   24.23   22.12   20.00
  134.97  134.91  134.71  134.38  133.92  133.34  132.63  131.81  130.86  129.81  128.65  127.39  126.04  124.61  123.09  121.50  119.84  118.12  116.34  114.52  112.65  110.74  108.79  106.81  104.81  102.78  100.73   98.66   96.58   94.49   92.38   90.26   88.14   86.01   83.88   81.74   79.60   77.45   75.31   73.16   71.02   68.87   66.73   64.59   62.45   60.31   58.17   56.04   53.90   51.77   49.64   47.52   45.39   43.27   41.15   39.03   36.91   34.79   32.68   30.56   28.45   26.34   24.22   22.11   20.00
  133.05  132.99  132.80  132.49  132.06  131.50  130.83  130.04  129.15  128.14  127.04  125.84  124.55  123.17  121.72  120.19  118.60  116.94  115.23  113.47  111.66  109.81  107.92  106.00  104.05  102.07  100.07   98.05   96.01   93.96   91.89   89.81   87.72   85.62   83.52   81.41   79.30   77.18   75.06   72.93   70.81   68.68   66.56   64.43   62.31   60.18   58.05   55.93   53.81   51.69   49.57   47.45   45.33   43.21   41.10   38.99   36.87   34.76   32.65   30.54   28.43   26.32   24.22   22.11   20.00
  131.26  131.20  131.02  130.72  130.31  129.78  129.14  128.39  127.53  126.58  125.52  124.37  123.14  121.82  120.42  118.95  117.42  115.82  114.17  112.47  110.71  108.92  107.08  105.21  103.31  101.38   99.43   97.45   95.45   93.44   91.41   89.37   87.31   85.24   83.17   81.09   79.00   76.91   74.81   72.70   70.60   68.49   66.38   64.27   62.16   60.05   57.94   55.82   53.71   51.60   49.49   47.38   45.27   43.16   41.05   38.94   36.84   34.73   32.63   30.52   28.42   26.31   24.21   22.10   20.00
  129.59  129.53  129.36  129.07  128.68  128.17  127.56  126.84  126.02  125.11  124.10  122.99  121.81  120.54  119.20  117.78  116.30  114.76  113.16  111.51  109.81  108.07  106.28  104.46  102.60  100.72   98.81   96.87   94.92   92.94   90.94   88.93   86.91   84.87   82.83   80.77   78.71   76.64   74.56   72.48   70.39   68.30   66.21   64.12   62.02   59.92   57.82   55.72   53.62   51.51   49.41   47.31   45.21   43.11   41.00   38.90   36.80   34.70   32.60   30.50   28.40   26.30   24.20   22.10   20.00
  128.03  127.97  127.81  127.54  127.16  126.67  126.09  125.40  124.61  123.73  122.76  121.70  120.56  119.34  118.04  116.68  115.25  113.75  112.21  110.60  108.95  107.25  105.52  103.74  101.93  100.09   98.21   96.32   94.40   92.45   90.49   88.51   86.52   84.51   82.49   80.46   78.42   76.38   74.32   72.26   70.19   68.12   66.04   63.96   61.88   59.79   57.70   55.61   53.52   51.43   49.34   47.24   45.15   43.05   40.96   38.86   36.76   34.67   32.57   30.48   28.38   26.29   24.19   22.10   20.00
  126.57  126.52  126.37  126.10  125.74  125.28  124.71  124.05  123.30  122.45  121.51  120.49  119.39  118.21  116.96  115.64  114.25  112.81  111.30  109.74  108.14  106.48  104.79  103.05  101.28   99.48   97.65   95.78   93.90   91.99   90.06   88.11   86.15   84.17   82.17   80.17   78.15   76.12   74.09   72.04   69.99   67.94   65.87   63.81   61.74   59.66   57.59   55.51   53.43   51.34   49.26   47.17   45.09   43.00   40.91   38.82   36.73   34.64   32.55   30.46   28.37   26.27   24.18   22.09   20.00
  125.23  125.18  125.03  124.78  124.43  123.98  123.44  122.80  122.07  121.25  120.35  119.36  118.30  117.16  115.95  114.67  113.32  111.91  110.45  108.93  107.37  105.76  104.10  102.40  100.67   98.90   97.10   95.28   93.42   91.54   89.64   87.72   85.79   83.83   81.86   79.88   77.88   75.88   73.86   71.83   69.80   67.76   65.71   63.66   61.60   59.54   57.47   55.41   53.33   51.26   49.18   47.10   45.02   42.94   40.86   38.78   36.69   34.61   32.52   30.44   28.35   26.26   24.17   22.09   20.00
  123.98  123.93  123.79  123.55  123.21  122.78  122.25  121.64  120.93  120.14  119.27  118.31  117.28  116.18  115.00  113.76  112.45  111.08  109.65  108.18  106.65  105.07  103.45  101.79  100.09   98.36   96.59   94.80   92.97   91.12   89.25   87.36   85.44   83.51   81.56   79.60   77.63   75.64   73.64   71.63   69.61   67.59   65.56   63.52   61.47   59.42   57.37   55.31   53.24   51.18   49.11   47.04   44.97   42.89   40.81   38.74   36.66   34.58   32.50   30.41   28.33   26.25   24.17   22.08   20.00
  122.83  122.79  122.65  122.41  122.09  121.67  121.16  120.56  119.88  119.12  118.27  117.34  116.34  115.27  114.12  112.91  111.64  110.30  108.91  107.47  105.97  104.43  102.84  101.22   99.55   97.85   96.11   94.34   92.55   90.72   88.88   87.01   85.12   83.21   81.28   79.34   77.38   75.41   73.43   71.44   69.44   67.43   65.41   63.38   61.35   59.31   57.26   55.21   53.16   51.10   49.04   46.97   44.91   42.84   40.77   38.70   36.62   34.55   32.47   30.39   28.32   26.24   24.16   22.08   20.00
  121.78  121.73  121.60  121.37  121.05  120.65  120.16  119.58  118.91  118.17  117.35  116.45  115.47  114.42  113.31  112.13  110.89  109.58  108.22  106.81  105.35  103.83  102.28  100.68   99.04   97.37   95.66   93.92   92.15   90.35   88.53   86.68   84.81   82.92   81.02   79.09   77.15   75.20   73.24   71.26   69.27   67.27   65.26   63.25   61.23   59.20   57.16   55.12   53.07   51.02   48.97   46.91   44.85   42.79   40.73   38.66   36.59   34.52   32.45   30.37   28.30   26.23   24.15   22.08   20.00
  120.82  120.77  120.64  120.42  120.11  119.72  119.24  118.67  118.03  117.30  116.50  115.62  114.67  113.65  112.56  111.41  110.19  108.92  107.59  106.20  104.77  103.28  101.75  100.18   98.57   96.92   95.24   93.52   91.78   90.00   88.20   86.37   84.53   82.66   80.77   78.86   76.94   75.00   73.05   71.09   69.11   67.12   65.13   63.12   61.11   59.09   57.07   55.03   53.00   50.95   48.91   46.86   44.80   42.74   40.68   38.62   36.56   34.49   32.42   30.36   28.29   26.21   24.14   22.07   20.00
  119.94  119.90  119.77  119.55  119.25  118.87  118.40  117.85  117.22  116.52  115.73  114.88  113.95  112.95  111.88  110.75  109.56  108.31  107.00  105.64  104.23  102.78  101.27   99.72   98.14   96.51   94.85   93.16   91.43   89.68   87.90   86.09   84.26   82.41   80.54   78.65   76.74   74.82   72.88   70.93   68.96   66.99   65.00   63.01   61.01   58.99   56.98   54.95   52.92   50.89   48.85   46.80   44.75   42.70   40.65   38.59   36.53   34.47   32.40   30.34   28.27   26.20   24.14   22.07   20.00
  119.15  119.11  118.98  118.77  118.48  118.11  117.65  117.11  116.50  115.81  115.04  114.20  113.29  112.31  111.26  110.16  108.99  107.76  106.48  105.14  103.75  102.31  100.83   99.31   97.74   96.14   94.50   92.82   91.12   89.38   87.62   85.83   84.02   82.18   80.32   78.45   76.55   74.64   72.72   70.78   68.83   66.86   64.89   62.90   60.91   58.90   56.89   54.88   52.85   50.82   48.79   46.75   44.71   42.66   40.61   38.56   36.50   34.44   32.38   30.32   28.26   26.19   24.13   22.07   20.00
  118.45  118.41  118.28  118.08  117.79  117.42  116.98  116.45  115.85  115.17  114.42  113.59  112.70  111.74  110.71  109.62  108.47  107.26  106.00  104.68  103.31  101.90  100.44   98.93   97.38   95.80   94.18   92.52   90.83   89.11   87.37   85.59   83.80   81.97   80.13   78.27   76.39   74.49   72.57   70.64   68.70   66.75   64.78   62.80   60.82   58.82   56.82   54.81   52.79   50.77   48.74   46.70   44.66   42.62   40.58   38.53   36.47   34.42   32.36   30.31   28.25   26.19   24.12   22.06   20.00
  117.83  117.79  117.66  117.46  117.18  116.82  116.38  115.86  115.27  114.61  113.87  113.06  112.18  111.23  110.22  109.15  108.01  106.82  105.58  104.28  102.93  101.53  100.08   98.60   97.07   95.50   93.89   92.25   90.58   88.87   87.14   85.38   83.60   81.79   79.96   78.11   76.24   74.35   72.44   70.52   68.59   66.64   64.68   62.72   60.74   58.75   56.75   54.74   52.73   50.71   48.69   46.66   44.63   42.59   40.55   38.50   36.45   34.40   32.35   30.29   28.24   26.18   24.12   22.06   20.00
  117.29  117.25  117.13  116.93  116.65  116.29  115.86  115.35  114.77  114.11  113.39  112.59  111.72  110.79  109.79  108.73  107.62  106.44  105.21  103.92  102.59  101.21   99.78   98.30   96.79   95.23   93.64   92.02   90.36   88.66   86.94   85.20   83.42   81.62   79.80   77.96   76.10   74.22   72.33   70.42   68.49   66.55   64.60   62.64   60.66   58.68   56.69   54.69   52.68   50.67   48.65   46.62   44.59   42.56   40.52   38.48   36.43   34.38   32.33   30.28   28.23   26.17   24.11   22.06   20.00
  116.82  116.78  116.67  116.47  116.20  115.85  115.42  114.92  114.34  113.70  112.98  112.19  111.33  110.41  109.43  108.38  107.27  106.11  104.89  103.62  102.30  100.93   99.51   98.05   96.55   95.01   93.43   91.81   90.16   88.48   86.77   85.04   83.27   81.48   79.67   77.84   75.99   74.12   72.23   70.32   68.41   66.47   64.53   62.57   60.60   58.62   56.64   54.64   52.64   50.63   48.61   46.59   44.56   42.53   40.49   38.46   36.41   34.37   32.32   30.27   28.22   26.16   24.11   22.06   20.00
  116.44  116.40  116.29  116.09  115.82  115.48  115.05  114.56  113.99  113.35  112.64  111.86  111.01  110.10  109.12  108.09  106.99  105.84  104.63  103.37  102.06  100.70   99.29   97.84   96.35   94.82   93.25   91.64   90.00   88.33   86.63   84.90   83.15   81.37   79.56   77.74   75.89   74.03   72.14   70.25   68.33   66.41   64.47   62.51   60.55   58.58   56.59   54.60   52.60   50.59   48.58   46.56   44.54   42.51   40.48   38.44   36.40   34.35   32.31   30.26   28.21   26.16   24.11   22.05   20.00
  116.14  116.10  115.98  115.79  115.52  115.18  114.76  114.27  113.71  113.07  112.37  111.59  110.75  109.85  108.88  107.85  106.76  105.62  104.42  103.17  101.86  100.51   99.11   97.67   96.19   94.66   93.10   91.50   89.87   88.21   86.52   84.79   83.04   81.27   79.47   77.65   75.81   73.95   72.08   70.18   68.28   66.35   64.42   62.47   60.51   58.54   56.56   54.57   52.57   50.57   48.56   46.54   44.52   42.49   40.46   38.42   36.38   34.34   32.30   30.25   28.20   26.15   24.10   22.05   20.00
  115.91  115.87  115.76  115.56  115.30  114.96  114.54  114.05  113.49  112.86  112.16  111.39  110.56  109.66  108.70  107.67  106.59  105.45  104.26  103.01  101.72  100.37   98.98   97.55   96.07   94.55   92.99   91.40   89.78   88.12   86.43   84.71   82.97   81.20   79.41   77.59   75.76   73.90   72.03   70.14   68.23   66.31   64.38   62.43   60.47   58.51   56.53   54.54   52.55   50.55   48.54   46.52   44.50   42.48   40.45   38.41   36.38   34.34   32.29   30.25   28.20   26.15   24.10   22.05   20.00
  115.76  115.72  115.60  115.41  115.15  114.81  114.40  113.91  113.35  112.72  112.03  111.26  110.43  109.53  108.58  107.56  106.48  105.34  104.15  102.91  101.62  100.28   98.89   97.46   95.99   94.47   92.92   91.33   89.71   88.06   86.37   84.66   82.92   81.15   79.36   77.55   75.72   73.86   71.99   70.11   68.20   66.28   64.35   62.41   60.45   58.49   56.51   54.53   52.53   50.53   48.53   46.51   44.49   42.47   40.44   38.41   36.37   34.33   32.29   30.24   28.20   26.15   24.10   22.05   20.00
  115.68  115.64  115.53  115.34  115.08  114.74  114.32  113.84  113.28  112.66  111.96  111.20  110.37  109.47  108.51  107.50  106.42  105.29  104.10  102.86  101.57  100.23   98.85   97.42   95.95   94.44   92.89   91.30   89.68   88.03   86.34   84.63   82.89   81.13   79.34   77.53   75.70   73.85   71.98   70.09   68.19   66.27   64.34   62.40   60.44   58.48   56.50   54.52   52.53   50.53   48.52   46.51   44.49   42.46   40.43   38.40   36.37   34.33   32.29   30.24   28.20   26.15   24.10   22.05   20.00
  115.68  115.64  115.53  115.34  115.08  114.74  114.32  113.84  113.28  112.66  111.96  111.20  110.37  109.47  108.51  107.50  106.42  105.29  104.10  102.86  101.57  100.23   98.85   97.42   95.95   94.44   92.89   91.30   89.68   88.03   86.34   84.63   82.89   81.13   79.34   77.53   75.70   73.85   71.98   70.09   68.19   66.27   64.34   62.40   60.44   58.48   56.50   54.52   52.53   50.53   48.52   46.51   44.49   42.46   40.43   38.40   36.37   34.33   32.29   30.24   28.20   26.15   24.10   22.05   20.00
